[Global]
frequency = 100

[Phys3D.4]
sigma = 1

[Phys2D.3]
boundary = 1

[Electrode.1]
I = 100.0
l = 0.5
rho = 0.018
S = 0.000314

[Electrode.2]
I = -100.0
l = 0.5
rho = 0.018
S = 0.000314

